
#Initial matrix
0 0 0 0 0 0 0 0
0 0 0 0 0 0 0 0
0 0 0 0 0 0 0 0
0 0 0 1 1 0 0 0
0 0 0 1 1 0 0 0
0 0 0 0 0 0 0 0
0 0 0 0 0 0 0 0
0 0 0 0 0 0 0 0


#First iteration
0 0 0 0 0 0 0 0
0 0 0 0 0 0 0 0
0 0 0.111111111111111 0.222222222222222 0.222222222222222 0.111111111111111 0 0
0 0 0.222222222222222 0.444444444444444 0.444444444444444 0.222222222222222 0 0
0 0 0.222222222222222 0.444444444444444 0.444444444444444 0.222222222222222 0 0
0 0 0.111111111111111 0.222222222222222 0.222222222222222 0.111111111111111 0 0
0 0 0 0 0 0 0 0
0 0 0 0 0 0 0 0

#Second iteration
0 0 0 0 0 0 0 0
0 0.0123456790123457 0.037037037037037 0.0617283950617284 0.0617283950617284 0.037037037037037 0.0123456790123457 0
0 0.037037037037037 0.111111111111111 0.185185185185185 0.185185185185185 0.111111111111111 0.037037037037037 0
0 0.0617283950617284 0.185185185185185 0.308641975308642 0.308641975308642 0.185185185185185 0.0617283950617284 0
0 0.0617283950617284 0.185185185185185 0.308641975308642 0.308641975308642 0.185185185185185 0.0617283950617284 0
0 0.037037037037037 0.111111111111111 0.185185185185185 0.185185185185185 0.111111111111111 0.037037037037037 0
0 0.0123456790123457 0.037037037037037 0.0617283950617284 0.0617283950617284 0.037037037037037 0.0123456790123457 0
0 0 0 0 0 0 0 0

